0010001100000000000000000000000000000000000000010000100001000001000001000000000000000100001000000000000010001011100000001100010000001000000000
0011100000000000000000001000000000000000000000000000000000000000000100000000000011000000000001000000000001001001000001111100001000010000100000
0000000000000000000000010110111110000000000000000000100000000000000000100001100110111111011111000000000000000000101110000000000000000100011000
1100000000000000000000001100000000000000000000000000000000000000000011000001111101110111011011000000001101011111111111111101111111111111100000
1111111111000000000000011111111111100000000000001111111110111011100110000000000000000111111101000000000000011111111110000000000000000000000000
0000000000000000000000000000000000000000000000000000000001000100001000000000010100001000000000000000000000010100010100001100011000100001100011
0000000000000000000000000000100000010001000000001000000000000000000000000000001100000000000010000000000000000000000000000000000000001001011001
0111100000000000000000011111111100000000000000000000001101110011001100000000000111010110111111000000000000011001100100100010000100000000100010
0000000000000000000001000000000000000000000000000010000000010000100000000000000000000000000000000000000001000000000000010000000000001000000000
0111111011111111110100011010100000000000000000000000000000000000000000100000000000000000000001000000000000011111111001110111000010101110011100
1111110111100000000000011101110011110011100000100001000010000000000000000000000000001101101111000000000000000000111110000100111001110111101111
0000000000000000000000011111100000000000000000000000000000000000000000101111111111011111111111000000011101111111110111111111111010111111101000
1000000000000000000000011111111100000000000000000000000000100111111111100011111111111111111111000000000000011111111111011111011000000000000000
0011111111111111000000011111110000000000000000011100000000000000000000000000000000000000000111000000000011011111111100000000001101111101111011
1111111111010000000000010100101100100000000000001000000100000000000000000000000000000001111011000000000000000001111110000010000101001111011110
1100000000000000000000011110000000000000000000000000000000000000000000100011001111111111101101000001011110001010001111001100110111111111111110
1110000000000000000000000110010000000000000000000000100001000100000000000000000110010010100000000000000000010000010000001100001000110001100110
1111111111111000000000011111111111111111110000110001100011000100000000000000000000000001111111000000000000000000000110001100011001110011100111
1101101110010101000111011111111001000000000000010000100001000000000000000000000000000000000001000000000000000010101110000000001000111111001101
1111110111110011100000001111101111001011100000100000000000000000000000000000000000000000010111000000000000000000011110111101111111111011111111
0000000000000000100000100000000000100000000000000000000001000000000000000000000000000000000000000000000000000000000000000000000000000000000000
1111111011111111000000011111001111101100000000000010001011000000000000000000000000000000000000000000000000000000011111100000000000000000101111
0000001010000000000000000001101001010000000000010000000001000111110000000000000000000101000000000000000000000010000000000100011000000000000000
1110110001111111110000010000000000000000000000000010000100001000000000000000000000000000000111000101010111101111011010000001000111001010011111
1111110000000000000000011111111111111100000000100001000010000100001000000000000111111111111111000000000000000011111110011100111001110011100111
1111011111111110000000011011111100000000000000000010001000001001110011000000000000000000011111000000000001111111111111100000000110001000010000
1111111101111111111000000000000000000000000000000010000100000000000000000000000000000000000001001111111110111111101111110011100011101111001111
1000000000000000000000011111111111111111100000000000000000000000001000000111111111111111101111000000000000000000111101111111111111111110100111
0000000000000100000000000000000110000000000000110000011000000001000010000000000000000000000000000000000000000100000000000000000000001000000001
1111100000000000000000011111111111111111100000000000000000000000000000000000111111111111111111000000000000000000111111111111111111111111111111
0000001000000000000000000000010000000000000000000001000010000110010110000000000010000100100000000000000000001000000000000000100000000000000000
0000000101010000110000000111001000000000000000100000000000000100000000000000000000000000000000000000000000101100011000001000001000100000100011
1000000000000010100000000001000110000000000000100001000010000100000000100000000000000000000000000000000000010100000010000000000001000000000000
0000000000000000000000000111110000000000000000000000000000001000010000100111001101011100100001000000000000011101111011111000100001000000011000
0000000000100000000000000000000000010000000000000010000100000000000000000000000000010000000001000000000000000000000001000000000100001000011000
1111111111100000000000000000000000000000000000000000000000000000000000100000000000000111111111001111111111111111111111111111111111101110011100
1000000000000000000000011111111111111000000000000000000000000001111111100011111111111111111111000000000000000111111111111111111111110000000000
1111111111111111111110011000000000000000000000000110000000000000000000000000000000000000000001000011111111111111111111100011100111111111111111
0001000110110000000000000001001000000000010000100000100000100001000100000000000000000000101010000000000000000000000100000000000000010000000000
1100000000000000000000011110000000000000000000000000000000000000010000100001111111111111111111000001111111111111111111111111111111111110011100
1111000000000000000000000111111101010110000000000000000000000000001000000000111111101110101111000000000000000000001101111111011011111110101111
1100000000000000000000000011011100000000000000000000000100000000000000000000011110101110100100000000000000001111011111100001000100000001000111
0001000100000000000000010000000000000000000000011000000000000101110000100000000000100000000000000000000100000001000000000000001000000000000000
1101010111010000000000000010000100110000000000000001000000000000000000000000000000000001011101000000000000001010101110000000011001100100011011
1111111111111110000000011111111111111111100000000000000000000000000000000000000000000011111111000000000000000001111111111111111111111111111111
1100000000000000000000011011111010100000000000000000000011011000000000100000111010100101111111000000000000000001101101111100000000000000010100
0000000000000000000000000000000000000000000000000000000000000000000000100000000000000000000000100000000000000000000000000000000000000000000000
0101010000000000000000010011000001000010000000000110000000000000000000000000000000010010000000000000000000000000000000000000000000001100000011
0001000010101000000000000000000000000000000000100000000000000000000000000000000000000110010000000000000011010000000000001100000000010001100010
1111000100100010000000010110000000000000000000000100001100011000010000000000000000000000000110000000101010110100110010100001000000001000001000
1000001110011000000000001101010101001010100100000000000010000000000000000000000000000011100001000000000000000000000000000100000000000001011001
1111111100000000000000011000000000000000000000000010000000000000000000000000000001111111111111000011111111111111111111110011100111001111111111
1111111000000000000000011111111101111111111000100001000010000100001000000000000001111111111111000000000000000000000010011100111001110011100111
1000000000000000000000010000000000000000000000000000000000000100001000000000000000000000011000000000000011010101111111111100001000110000100011
1111101110100110000000010101110100000000000000000110110011000000011000100000000000000000101011000000000000000111111000000000000000000000000000
1111111000000000000000011011111111010110110000000001000010000000000000000000000011111101011111000000000000000000000110111100111010110011101111
1000000000000000100000000000000000000000000000000000000000000000000010000000000000000000000000000000000100000000000001000011110000011000000000
1111010101101000000000000110100000000000000000011000100010000100001000000000000000000001110100000000000001111010110100000000000000000011000011
0000000000000000000000000000000000001000000000000000000100000000000000000000001000000000000000000000000000000000000000110010000010000000010000
1111111111111111111100011000000000000000000000000010000100001000000000000000000000000000000010000001111111111111111111100011100111101111111111
1111000000000000000000011111111111011000000000110000110001100011100011000000000011111011111101000000000000000011111110001100001000010000000000
0000000000000000000000000000000000000000000000000000000000010000000000001000000000000000000000000000000000000000000000000000000000000000000000
1111111111111111111100011111110000000000000000111110011100000000000000000000000000000000000001000000000111111111111110000000000111111111111011
1111111111111111110000011000000000000000000000000010000000000000000000000000000000000000000111000111111111101111111111110011110111111111111111
1110110000000000000000010110001011110001110000110000000010000000000000000000000011010101010101000000000000000000000110000000011000110111110011
0000000001000011100000000010000000000010000000001000000000000000000000000000000000000000000000000000000000000000000000000010000100000110100111
0111111111100110101010001111110000000000000000000011000010000000000000000000000000000000000000000000000001110111011010000000000000011111001111
1011100000000000000000010011101110000100000000000000000000000000000000100000000011101111001011000000000000000000001010111101101001100100000000
0000000000000001000001000000101100000000000000000000000100100000000000000000000000000000000000000000000000000000000000010000000000000000000000
1111111111111111111000011111111000000000000000111111110000000000000000000000000000000000000011000000000001111111111110000000000000111111111111
0111111100000000000000011100000000000000000000000000000000010000100011000000000000111111010110000001111111111011111111110001100110001000010000
0100000000000000000000011111111000000000000000000000000000000011001111100011101111111111101111000000000001011111111111111111110111010000000000
0001000011000000000000001001000100000000000000000110000100000000000000000000000000000011110000000000000010000110000001100000000100001000011000
1111111111110000000000011111111111111110000000110000100001100011000110000000000000000011111111000000000000000001111110000100001000010000100001
0011100000000000000000000011010111000000000000000000000000000000001011100000000101000001010000000000000000000000000001000010101010010000000000
1000110001101000000000000000001101100000000000000000100001100000000010000000000000000000010001000000000000001111000100001000001000110000000000
1100000000000000000000011111100000000000000000000000000000000000000000100111111111111111111111000000001111111111111111110111111111111111111110
1111110111100000000000011000000000000000000000000010000100011000100001100000000000001111111111000001101110101110011111010011000101000100010000
1101011111111000000000011011110000000000000000000000000000000000010001100000000000000111001101000000000001111111111111111111110111001000010000
0000000000000000000000000000000000000000000000000000100000000000001000000000000000000000000100000000010000000000000000000000000000000010000000
1011111111101011011101011110011100000000000000011010000000000000000000000000000000000000000000000000000001110111111111000001000111111011111011
0000000000000000000000000000000000000000000000000010010000000000000000000000000110010010100000000000000110001000000100000010000100001000111111
0000000000000000000000011100000000000000000000000000000000000000000000100111111111111111111111000001111111111111111111111111111111111111011100
0101011011111011101111000001000000000000000000100000000010000100000000000000000000000000000000000000000000000000011000001100011000110000000011
0000000100010000000000000000000101000000000000000000000000000000000000000000000000000100110000000000000000000100001000101110101010011000000001
1101110000000000000000000110001001110000000000011100101011010010101100000000000000010110111110000000000000000111110100000000000000000000100001
1100000000000000000000011111110000000000000000000000000000011011111100000001111111111111111111000000000111111111111111111111110000000000000000
0100000000000000000000001000100000000000000000000000000000001000001000000001100010001111010001000000000000101111010010000000000000000000000111
1000011001000000000000001001000000000000000000000010011101100000000111000000000000011101100110000000000111011010011001100000000000000000000000
1111111111110111000000011101111110000000000000100001000110000100001001100000000000000000000010000000000000000111111110000000000000000000000000
0111100000000000000000011011111111011111010110000001100000000000000000000000000000010111100100000000000000000000000000000000011000010000000010
1101000000000000000000000101111101101000000000100111110100001000110011000000000000101111011110000000000000000000011100000000000000001000010000
0000000010000000000000000000000000010000000000000000000000000010000010000000000000000100000000000000000000000100000001100000100000100000100000
1010000000000000000000011110111101010000000000000000000000110101111111100001111010011011110110000000000000000001111111110110101000000000000000
1111111111111111111000011111111111110000000000000010001001110110000000000000000000000000000001000000000000000011111111100000000000000000100111
1101001000001001100000000111101010000000000000110100001100001000000000000000000000000000000111000000000000000000001000000000000000001010011011
1111111111111111111000011111111100000000000000000000000000000000000000000000000000000000000111000000000011111111111111111111111111111111111111
0100000000000000000000000000011011000000000000000000000000000110000010000000010100100100010011000000000000011100010000000001001001100000100001
1110101111010101111000010001101111111111101100100000000000000000000000000000000000000000000010000000000000000000000000011111111111111011111111
1111110000000000000000011111111111111100000000000000000000000000000000000000000111111111111111000000000000000001111111111111111111111111111111
1111111111111111110000011111011111111110000000110001100000000000000000000000000000000000000111000000000000000001111110001100011011110111111111
0000000000000000000000000000000001001000000000110010000000000000000000000000000011000000000000000000000000000000000000000000000000001100000011
0000010100101000000000000000000000000000000000000000000000000000000100000000000000000001100000000000000011000000010000000001111100010000100000
1111100000000000000000011111111111011111111110000000000000000000001000000000000111111111111111000000000000000000000001111100111001110011100111
0001000000000000000000000000000000000001000000000000000000000000010000000000000000100000000000000000000000000000000001000000000100000000001000
0001000000000000000000000000000000000000000000000000000000000000001000000000001000000000100000000000000100001000000000000000011000000001000000
0111110101111000000000011111000000000000000000000000000000000000000001100000000000000001111110000000010111101011111110111110010011111110010000
0000000000000000000000000000000000000010000000000010000000000000000000000000000000000000000000000000000000000000000000000001000000001010000110
1001010000000000000000001000010000000000000000000000000001000011000001100000000001011000000010000000000000101001000000000000000000100000010000
1000000000000000000000011111111111111110000000000000000000000000001000000111111111111111111111000000000000000011111111111111111111111111100111
1110111111111111100000011011111111011000000000000110001100111111100110000000000000000000001111000000000000000000011110100000000000000000000000
1111111111000000000000001110000000000000000000000000000000000000000011000000000000000111111110000000011111110111111110111111101111001100000000
1000000000000000000000010010000101000000000100000000000000000010000000000000100010011001100000000000000000000000000000100100010100010000000000
1100000000000000000000011111111110000000000000000000000000000000000011100011111111111111111111000000000000111111111111111111111111111111011000
1010110110100000000000010111101111100000000000001101100100001000000000000000000000001111111110000000000000000111101110000000000000001100001000
1111111001010101110111111110010010011110000000100000000000000000000000000000000000000000000000000000000000000001011100110101111101011111010110
0000000010000000000000000000000000001000000000000000010000000000000000000000000000001000000000000000000000000000001000000000001001101000000000
1111111111111111100000011111110000000000000000000000000000000000000000000000000000000000111111000000011111111111111111111111111111111111111111
0000000010001100000000000000000000000000000000000000000000000001000000000000000000000000000000000000010000000000000001011000001000010000000000
0100101110000000000000010111101000000000000000000100001000100001000010000000000000010100111010000000000011011000100110100011000100000000100000
0000000000000000000000000000000110111000000000010000000000000000000000000000111000000110100001000000000000000000000110000100000000010001011101
1111111101100000000000011000000000000000000000000100001000010000110000100000000000000011111111000000110011111111111111100011000111000110011100
0000000111100000000000000010000001101010000000000000100000000000000000000000000000000000000000000000000000000000000000110100000000011011111010
0001000000000001001000000001010001100000000000000000000100000000000000000000000000000000000001000000000000000000000000010000000110001010000010
0000000000000000000000000010000000000000000000100000000010000010000010100000000000001010000010000000001000000000001010000000011000000000000000
0101010100100000000000010010000101111100000000001100000010000000000000000000000000001111001011000000000000000000000001000000000000000011100000
0110000000000000000000001100000000000000000000000000000000110001110001100000101100100010010011000000000000111110111101111010001100001000010000
0000000000000000000000000000000000000000000000000000000001000000000100000000000100000100001001000000000001100000000000001000010000000001000011
0001001110011000000000011111111000000000000000000110011001100110001000000000000000000010100101000000000011111111011000000010000000000000000000
0001110110000011110000000000000000000000000000000000000000000000000001000000000000000000000000000000000011000100100001000000000001111000010000
1001000010010011000000000000100111100000000000100001000000000100000001100000000000000000000110000000000000000000010100000000010000000000000000
1000000000000000000000010011111111111000000000000000000000000000010001000000011110011111111111000000000000000000011011111101010111001100011000
0000000000000000000000000000000000000000000100000000000000010000000000000000000000000000000000000000000000000000000000000000000000000000000000
1110000000000000000000000011101101110000000000000000000011000000000000000000000011011111010111000000000000000000000001111100001000010000111111
0000000010100000000000000000001000000000000000000000010000011000000000000000000000000101011000000000000010000000000000000010000100000100001111
1111111111111111110000011111000000000000000000000010000000000000000000000000000000000000000111000000011111111111101111110011110111111111111111
0111110111100000000000011110111111111111000000000100001000100011001100000000000000001111001110000000000000000000001010000000000000000000100000
0000000000000000000000000000000000000000000000011000000100001000001100000000000100000001100000000000000000000000000000000000000010000000000000
1111100000000000000000010111000000000000000000000000000000000000010011100000011111101111111111000000001111111111111111110111111111101110011000
1111111111111111111111011111111111111111000000110000000000000000000000000000000000000000000000000000000000000000111110001100111111111111111111

