00000000000000000000000000000000000000000000000000000000000000000000000000000000000000000000000000000000000000000000000000000000
10000000000000111111111111100000000000000000000000000000000000000000000000000000000000000000000000000000000000000000000000000000
11100000000000000000000000001110000000000000000000000000111000000000000000000000000011110011111111111000000000000111111111111111
00000000000000000111000000000000000000000000111111111000000000000000011111111111110000000000000001111111111110000000000000000000
00000111000000000000000000000000011100000000000000000000000001110000000000000000000000000111000000000000000000000000011100000000
00000000000000000000000000000000000000000000000001110000000000000000000000000111000000000000000000000000011100000000000000000000
00000000000000000000000000000000000000000000000000000000000000000000000000000000000000000000000000000000000000000000000000000000
00000000000000000000000000000000000000000000000000000000000000000000000000000000000000000000000000000000000000000000000000000000
11100110000000000000000000000000000000000000000000000000000000000000000000000000000000000000000000000000000000000000000000000000
00000000001110000000011100000000000000011000000001100000000000000000111000111110000000000000000001111111110000000000000000000001
00000000001110000000000001110000000000111000000000000111000000000011100000000000001100000000001110000000000000110000000001110000
10000000000001110000000000011000000000000111000000000001100000000000011100000000000110000000000001110000000000011000000000000111
00000111111111000000000000000000111111001110000000000000000111100000001100000000000000111100000000111000000000000011100000000001
00000000000000000000000000000000000000000000000000000000000000000000000000000000000000000000000000000000011111100000000000000000
00000000000000000000000000000000000000000000000000000000000000000000000000000000000000000000000000000000000000000000000000000000
00000000000000000000000000000000000000000000000000000000000000000000000000000000000000000000000000000000000000000000000000000000

